

P0 = [
  66.8; 66.8; 66.7; 66.6; 66.5; 66.5; 66.8; 66.8; 66.8; 66.7;
  66.6; 66.6; 66.5; 66.4; 66.2; 66.2; 66.1; 66; 66; 66;
  65.9; 65.9; 65.7; 65.6; 65.4; 65.4; 65.4; 65.4; 65.3; 65.4;
  65.4; 65.4; 65.4; 65.2; 65.2; 65.1; 65.1; 65.2; 65.2; 65.2;
  65.2; 65.2; 65.2; 65.2; 65.1; 65.1; 65; 64.9; 64.9; 64.7;
  64.5; 64.5; 64.5; 64.3; 64.2; 64.1; 64.1; 64; 63.9; 63.9;
  63.8; 63.8; 64; 64.2; 64.4; 64.6; 64.9; 65.1; 65.2; 65.5;
  65.9; 65.9; 66.2; 66.3; 66.3; 66.5; 66.8; 66.8; 66.8; 66.7;
  67; 67; 67.1; 67.2; 67.1; 67.3; 67.2; 67.3; 67.3; 67.4;
  67.4; 67.4; 67.4; 67.3; 67.5; 67.4; 67.5; 67.4; 67.4; 67.3;
  67.2; 67.2; 67.4; 67.5; 67.5; 67.4; 67.6; 67.6; 67.6; 67.6;
  67.7; 67.7; 67.7; 67.6; 67.6; 67.6; 67.7; 67.6; 67.6; 67.5;
  67.2; 67.2; 67; 67; 66.9; 66.8; 66.7; 66.6; 66.5; 66.4;
  66; 66; 65.7; 65.8; 66.1; 66.2; 66.3; 66.3; 66.2; 66.1;
  65.8; 65.8; 65.4; 65.1; 64.9; 64.9; 64.7; 64.5; 64.5; 64.4;
  64.6; 64.7; 64.8; 64.9; 64.9; 65.1; 65.1; 65.1; 65.2; 65.1;
  65.1; 65.1; 64.7; 64.1; 62.3; 61.7; 61.7; 61.8; 61.4; 60.8;
  60.3; 60.3; 59.9; 60.1; 60.5; 61.1; 61.8; 62.5; 63.8; 64;
  63.6; 63.6; 63.9; 63.9; 63.9; 64; 61.2; 62.5; 63.8; 65.4;
  66.2; 66.2; 66.2; 66; 66; 66.1; 66.2; 66; 65.9; 65.9;
  65.8; 65.8; 65.5; 65.3; 65; 64.9; 64.7; 64.5; 64.3; 64.2;
  64.2; 64.2; 64.9; 65.2; 65.4; 65.5; 65.7; 65.8; 65.8; 65.8;
  65.8; 65.8; 65.9; 65.9; 65.8; 65.8; 65.9; 65.7; 65.7; 65.6;
  65.4; 65.2; 64.8; 64.5; 64.4; 64.2; 64.1; 63.8; 63.8; 63.6;
  63.3; 63.3; 62.7; 61.3; 61.5; 61.9; 61.8; 63; 62.8; 62.5;
  62.3; 62.2; 62.1; 61.9; 61.8; 62.2; 62.4; 62.6; 62.7; 62.7;
  62.6; 62.5; 62.5; 62.6; 62.6; 63; 63.2; 63.4; 63.8; 63.8;
  63.8; 64.1; 64.3; 64.7; 65.1; 65.3; 65.5; 65.7; 65.7; 65.9;
  66; 66.3; 66.3; 66.5; 66.5; 66.6; 66.5; 66.7; 66.8; 66.7;
  65.3; 66.8; 66.8; 66.7; 66.8; 66.7; 66.6; 66.5; 66.3; 66.3;
  65.9; 65.4; 65.4; 64.7; 64.5; 64.3; 64.4; 64.5; 64.6; 64.6;
  64.9; 64.9; 64.9; 65.1; 65.2; 65.3; 65.4; 65.6; 65.7; 65.6;
  65.7; 66.1; 66.1; 66.3; 66.4; 66.5; 66.6; 66.6; 66.7; 66.7;
  66.8; 66.8; 66.8; 66.8; 66.9; 66.9; 66.9; 66.9; 66.8; 66.8;
  67; 67.1; 67.1; 67.3; 67.3; 67.3; 67; 67; 67.4; 67.4;
  67.5; 67.3; 67.3; 67.2; 67.1; 67.2; 67.2; 67.2; 67.2; 67.2;
  67.2; 67.2; 67.2; 67.1; 67.2; 67.2; 67.2; 67; 67; 67.1;
  67.1; 67.1; 67.1; 67; 67.1; 67.1; 67.2; 67.2; 67; 67.1;
  67.2; 67.2; 67.2; 67.2; 67.2; 67.1; 67.1; 67; 66.8; 66.7;
  66.5; 66.3; 66.3; 66.3; 66.3; 66.3; 66.4; 66.4; 66.5; 66.4;
  66.8; 67.1; 67.1; 67.1; 67.2; 67.2; 67.2; 67.2; 67.3; 67.2;
  67; 67; 67; 66.9; 66.9; 67; 67; 67; 66.9; 66.9;
  66.8; 66.7; 66.7; 66.6; 66.7; 66.9; 67; 67.1; 67; 67;
  66.6; 66.1; 66; 65.8; 65.7; 65.7; 65.7; 65.7; 65.7; 65.7;
  65.7; 65.6; 65.6; 65.4; 65.4; 65.4; 65.5; 65.6; 65.6; 65.6;
  65.7; 65.5; 65.5; 65.4; 65.2; 65.1; 65; 65; 64.9; 64.8;
  64.8; 64.7; 64.7; 64.8; 64.8; 65; 65; 65.2; 65.2; 65.2;
  65.3; 65.4; 65.4; 65.6; 65.6; 65.7; 65.8; 65.8; 65.8; 65.8;
  65.7; 65.5; 65.5; 65.6; 65.7; 65.7; 65.8; 65.8; 65.9; 65.9;
  65.9; 65.9; 65.9; 66.3; 66.3; 66.4; 66.4; 66.5; 66.6; 66.6;
  66.7; 66.7; 66.7; 66.9; 66.9; 66.9; 66.9; 67; 67; 67.2;
  67.2; 67.1; 67; 67; 66.9; 66.8; 66.9; 67.1; 67.3; 67.3;
  67; 65.6; 65.6; 66.6; 64.3; 68; 68.7; 69.1; 68.6; 68.4;
  67.4; 66.6; 66.6; 66.3; 66.2; 66.2; 66.4; 66.5; 66.5; 66.5;
  66.8; 67.9; 67.9; 68.5; 68.7; 68.9; 69; 69.2; 69.3; 69.3;
  69.4; 68.3; 68; 67.5; 67.1; 67.2; 67.1; 67.2; 67.6; 67.6;
  66.8; 65.2; 65.2; 65.4; 65.7; 66; 66.2; 66.2; 66.1; 66.2;
  66; 67.1; 67.1; 68; 68.4; 68.8; 69.2; 68.9; 68.7; 68.7;
  68.9; 70.1; 70.1; 70.6; 71; 70.9; 70.8; 71.2; 71.1; 71;
  70.5; 70.4; 70.4; 69.9; 69.8; 70.1; 70.2; 70.2; 70.2; 70.3;
  70; 69.8; 69.8; 69.8; 69.9; 70; 69.7; 69.7; 69.7; 69.7;
  69.9; 69.9; 69.9; 69.9; 69.7; 69.7; 69.8; 70; 70; 70.1;
  69.9; 69.8; 69.8; 69.6; 69.5; 69.5; 69.8; 70; 70.2; 70.1;
  70.1; 69.8; 69.8; 69.6; 69.5; 69.7; 68.9; 69.7; 69.7; 69.4;
  68.5; 67.9; 67.9; 67.8; 67.5; 67.3; 67.1; 67; 66.9; 66.8;
  66.3; 65.7; 65.7; 67.1; 67.6; 67.9; 67.8; 68; 68; 67.9;
  67.8; 67.9; 67.9; 67.8; 67.7; 67.7; 67.7; 67.8; 67.9; 67.9;
  68.1; 68.2; 68.3; 68.3; 68.4; 68.6; 68.8; 68.9; 69; 69;
  69.1; 69; 69; 68.6; 68.5; 68.5; 68.6; 68.7; 68.8; 68.8;
  69; 68.5; 68.5; 68.5; 68.2; 68.2; 68.3; 68.6; 68.7; 68.8;
  69.3; 69; 69; 68.5; 68.2; 68.1; 68.2; 68.2; 68.3; 68.4;
  68.4; 68; 68; 67.7; 67.5; 67.3; 67.2; 67.2; 67.1; 67;
  67.1; 66.7; 66.7; 66.3; 66.1; 65.9; 65.6; 66.1; 66.2; 66.2;
  66.5; 66.7; 66.7; 66.3; 66.1; 66.2; 66.4; 66.6; 66.9; 66.9;
  67; 67.1; 67.1; 66.8; 66.6; 66.4; 66.4; 66.4; 66.5; 66.5;
  67.8; 68.2; 68.4; 68.7; 68.5; 68.1; 67.9; 67.8; 67.8; 67.8;
  68; 68.2; 68.2; 68; 67.9; 67.8; 68; 68.5; 68.7; 68.8;
  68.9; 68.7; 68.7; 68.4; 68.4; 68.6; 69; 69.3; 68.7; 68.6;
  68.6; 68.3; 68.3; 67.7; 67.5; 67.5; 67.9; 67.8; 67.5; 67.5;
  67.6; 66.6; 66.2; 65.9; 65.9; 66; 66.2; 66.5; 66.6; 66.7;
  66.7; 66.4; 66.4; 65.8; 65.7; 65.7; 65.8; 65.9; 66.2; 66.3;
  66.4; 66.1; 66.1; 66; 66; 66.2; 66.5; 66.8; 67; 67;
  67.2; 65.9; 65.9; 65.4; 65.3; 65.4; 65.8; 66; 66.3; 66.4;
  66.8; 66.7; 66.5; 66.5; 66.8; 67.6; 68.2; 68.8; 69.3; 69.3;
  69; 66.9; 66.9; 64.7; 64.3; 64.4; 64.5; 64.5; 64.4; 64.4;
  64.1; 63.4; 63.4; 63; 63; 63.3; 63.8; 64.3; 64.6; 64.8;
  65.1; 64.5; 64.1; 64.1; 64; 64.2; 64.4; 64.4; 64.6; 64.7;
  64.8; 64.2; 64; 63.6; 63.6; 63.8; 64.2; 64.5; 64.6; 64.8;
  64.9; 64.5; 64.5; 64.1; 64; 64; 64.1; 64.1; 64.3; 64.3;
  64.4; 64; 64; 63.9; 63.9; 64; 64.1; 64.2; 64.2; 64.2;
  64.4; 64.2; 64.2; 63.7; 63.5; 63.5; 63.4; 63.2; 63.2; 63.1;
  62.7; 62.4; 62.4; 62.7; 62.7; 62.8; 62.8; 62.8; 63.1; 63.1;
  63.1; 62.8; 62.8; 62.5; 62.3; 62.1; 62.1; 61.9; 61.9; 62;
  62.3; 62.6; 62.6; 63.1; 63.4; 63.5; 63.6; 63.7; 63.7; 63.7;
  63.2; 62.7; 62.7; 62.9; 63; 63; 63.1; 63.2; 63.2; 63.3;
  63.2; 62.8; 62.8; 62.7; 62.7; 62.7; 62.8; 63; 63.3; 63.3;
  63.5; 63.7; 63.7; 63.7; 63.7; 64; 64.1; 64.3; 64.5; 64.6;
  64.7; 64.1; 64.1; 64.4; 64.3; 64.6; 64.8; 65.1; 65.4; 65.5;
  65.6; 65.3; 65.3; 64.8; 64.7; 65; 65.4; 65.6; 65.6; 65.8;
  65.9; 65.6; 65.6; 64.9; 64.9; 65; 65.3; 65.7; 65.9; 65.9;
  66.1; 65.9; 65.9; 65.5; 65.6; 65.6; 65.9; 66.1; 66.3; 66.3;
  66.5; 66.5; 66.5; 66.2; 66.3; 66.5; 66.7; 67; 67.1; 67.1;
  66.7; 66.1; 66.1; 65.7; 65.6; 65.7; 65.8; 66.2; 66.2; 66.7;
  67.2; 67.6; 67.6; 67.6; 67.4; 67.4; 67.5; 67.5; 67.5; 67.4;
  67.1; 66.9; 66.9; 66.8; 66.6; 66.6; 67; 67.4; 67.7; 67.8;
  67.7; 67.6; 67.6; 67.5; 67.4; 67.3; 67.3; 67.4; 67.6; 67.6;
  67.8; 67.8; 67.8; 67.5; 67.4; 67.3; 67.2; 67.2; 67.3; 67.4;
  67.7; 67.6; 67.6; 67.4; 67.3; 67.2; 67.4; 67.6; 67.8; 67.8;
  67.8; 67.6; 67.6; 66.9; 66.7; 66.5; 66.4; 66; 65.8; 65.7;
  65.4; 64.8; 64.8; 64.8; 65.1; 65.3; 65.4; 65.5; 65.6; 65.6;
  65.7; 65.4; 65.4; 65.1; 65.1; 65.2; 65.2; 65.1; 65.5; 65.8;
  66.3; 66.4; 66.4; 66; 66; 66; 66; 65.9; 66; 66.2;
  66.1; 65.9; 65.9; 65.6; 65.7; 65.9; 66.3; 66.3; 67.3; 67.6;
  68.5; 69.4; 69.2; 68.4; 68; 67.8; 67.7; 67.5; 67.4; 67.3;
  67.2; 66.8; 66.8; 66.6; 66.6; 66.7; 66.7; 66.7; 66.8; 66;
  65.3; 65.3; 65.3; 65.4; 65.8; 66; 66.1; 66.2; 66.4; 66.6;
  66.9; 66.8; 66.8; 66.4; 66.3; 66.5; 66.6; 66.6; 66.7; 66.7;
  66.6; 66.3; 66.3; 65.8; 65.7; 65.8; 66; 66.2; 66.1; 66.1;
  65.9; 65.7; 65.7; 65.5; 65.4; 65.2; 65; 64.9; 64.8; 64.7;
  64.7; 64.7; 64.7; 64.5; 64.5; 64.4; 64.7; 64.8; 64.9; 65;
  65; 64.9; 64.9; 64.7; 64.8; 65; 65.1; 65.3; 65.4; 65.5;
  65.6; 65.2; 65.2; 65.1; 65.2; 65.5; 65.7; 65.9; 66.1; 66.1;
  66.4; 66.1; 66.1; 66; 65.9; 66; 66.1; 66.1; 66.2; 66.2;
  66.1; 66.1; 66.1; 65.7; 65.7; 65.7; 65.8; 66.1; 66.4; 66.4;
  66.5; 66.2; 66.2; 65.8; 65.7; 65.8; 66; 66.1; 66.2; 66.3;
  66.5; 66.2; 66.2; 66; 67.2; 67.9; 68.3; 68.7; 68.9; 69;
  69; 68.7; 68.7; 68; 67.8; 67.5; 67.3; 67.3; 67.3; 67.2;
  67; 66.8; 66.8; 66.7; 66.6; 66.6; 66.7; 66.7; 66.6; 66.6;
  66.6; 66.4; 66.4; 66.2; 66.3; 66.3; 66.2; 66.3; 66.1; 66.3;
  66.6; 66.8; 66.8; 67.7; 68.4; 68.8; 69; 69.8; 70; 70;
  70; 69.5; 69.5; 69.4; 69.6; 69.8; 70; 70.3; 70.4; 70.5;
  70.9; 70.8; 70.8; 70.8; 70.8; 71; 71; 71.4; 71.3; 71.5;
  71.3; 71.1; 71.1; 70.8; 70.8; 70.8; 70.8; 70; 70; 68.8;
