

pk = [
  48.5; 48.4; 48.4; 48.4; 48.3; 48.3; 47.9; 48.5; 48.5; 48.5;
  48.5; 48.4; 48.3; 48.3; 48.2; 48.1; 48; 47.9; 47.9; 47.9;
  47.8; 47.8; 47.7; 47.7; 47.4; 47.4; 47.2; 47.3; 47.2; 47.3;
  47.4; 47.4; 47.4; 47.4; 47.3; 47.3; 47.4; 47.4; 47.4; 47.3;
  47.3; 47.3; 47.4; 47.4; 47.3; 47.2; 47.3; 47.3; 47.1; 47;
  46.8; 46.8; 46.7; 46.6; 46.5; 46.5; 46.6; 46.5; 46.4; 46.2;
  46.2; 46.3; 46.4; 46.5; 46.6; 46.7; 46.9; 47; 47.1; 47.3;
  47.7; 47.8; 48; 48; 48; 48.2; 48.4; 48.4; 48.3; 48.3;
  48.5; 48.6; 48.7; 48.7; 48.7; 48.9; 48.8; 48.7; 48.8; 48.8;
  48.9; 48.9; 48.9; 49; 48.9; 48.9; 49.6; 48.9; 48.8; 48.9;
  48.9; 48.9; 49; 49; 49; 49.1; 49.1; 49.1; 49.1; 49.2;
  49.2; 49.2; 49.2; 49.1; 49; 49.2; 49.2; 49.1; 49; 49;
  48.8; 48.8; 48.7; 48.7; 48.6; 48.7; 48.7; 48.6; 48.5; 48.4;
  48.1; 48; 47.9; 47.9; 48.1; 48.1; 48.2; 48.2; 48.2; 48.2;
  48; 47.8; 47.5; 47.4; 47.3; 47.4; 46.7; 46.5; 46.5; 46.4;
  46.4; 46.5; 46.6; 46.7; 46.7; 46.9; 46.9; 47.2; 46.8; 46.8;
  46.8; 46.7; 46.5; 46.3; 46.1; 45.7; 47; 46.8; 46.3; 46;
  45.4; 44.9; 44.7; 44.7; 44.9; 45.3; 45.7; 46.2; 46.6; 46.1;
  45.5; 45.5; 45.5; 45.6; 45.7; 45.7; 45.8; 44.9; 45.6; 46.4;
  47.1; 47.3; 47.4; 47.3; 47.6; 47.6; 47.8; 47.7; 47.5; 47.4;
  47.3; 47.3; 47.2; 47.1; 46.9; 46.9; 46.9; 46.6; 46.4; 46.3;
  46.2; 46.3; 46.7; 46.8; 47; 47.1; 47.3; 47.4; 47.4; 47.4;
  47.5; 47.5; 47.6; 47.6; 47.5; 47.5; 47.5; 47.5; 47.4; 47.4;
  47.2; 47; 46.7; 46.6; 46.5; 46.4; 46.3; 46.1; 46; 45.9;
  45.6; 45.5; 45.2; 44; 44.3; 44.6; 44.4; 44.8; 44.8; 44.6;
  44.3; 44.2; 44.2; 44; 43.9; 44.2; 45; 45; 45; 45;
  44.7; 44.5; 44.4; 44.4; 44.5; 44.8; 45.7; 45.7; 45.8; 45.9;
  45.9; 45.6; 45.7; 46.4; 46.9; 47.1; 47.2; 47.3; 47.6; 47.6;
  47.6; 47.8; 47.9; 48; 48; 48.1; 48.1; 48.1; 48.1; 48.2;
  48; 48.2; 48.3; 48.3; 48.3; 48.3; 48.1; 48.1; 47.9; 47.8;
  47.7; 47.3; 47.1; 46.7; 46.6; 46.5; 46.9; 47; 47.4; 47.1;
  47.2; 47.1; 47.3; 47.4; 47.4; 47.5; 47.6; 47.7; 47.7; 47.8;
  47.8; 48; 48.2; 48.5; 48.6; 48.6; 48.7; 48.7; 48.8; 48.9;
  48.8; 48.8; 48.6; 48.6; 48.6; 48.6; 48.6; 48.6; 48.6; 48.6;
  48.6; 48.8; 48.9; 49; 49; 49; 49; 48.8; 49; 49.2;
  49.3; 49.3; 49.3; 49.3; 49.3; 49.3; 49.3; 49.3; 49.3; 49.3;
  49.3; 49.3; 49.3; 49.2; 49.3; 49.3; 49.4; 49.2; 49.2; 49.2;
  49.3; 49.3; 49.3; 49.3; 49.3; 49.3; 49.4; 49.4; 49.4; 49.3;
  49.3; 49.4; 49.3; 49.3; 49.3; 49.2; 49.1; 48.9; 48.4; 48.3;
  48.2; 48.1; 48.1; 48; 48; 48; 48; 48; 48.1; 48.1;
  48.2; 48.5; 48.5; 48.5; 48.6; 48.6; 48.6; 48.5; 48.5; 48.5;
  48.4; 48.6; 48.6; 48.7; 48.7; 48.4; 48.6; 48.5; 48.5; 48.4;
  48.3; 48.3; 48.3; 48.3; 48.3; 48.4; 48.5; 48.5; 48.4; 48.2;
  48.1; 47.8; 47.7; 47.5; 47.5; 47.4; 47.6; 47.4; 47.4; 47.3;
  47.4; 47.3; 47.3; 47.2; 47.2; 47.2; 47.2; 47.2; 47.2; 47.3;
  47.3; 47.3; 47.3; 47.2; 47.1; 47.1; 47; 46.9; 46.8; 46.8;
  46.8; 46.7; 46.7; 46.7; 46.7; 46.8; 46.9; 46.9; 47; 47;
  47; 47.1; 47.2; 47.2; 47.3; 47.3; 47.3; 47.4; 47.4; 47.4;
  47.3; 47.2; 47.2; 47.3; 47.3; 47.4; 47.4; 47.5; 47.5; 47.5;
  47.5; 47.6; 47.6; 47.6; 47.8; 47.9; 47.8; 47.9; 47.9; 47.9;
  48; 48.1; 48.2; 48.3; 48.3; 48.3; 48.4; 48.5; 48.7; 48.7;
  48.7; 48.7; 48.6; 48.6; 48.5; 48.5; 48.8; 49.1; 49.4; 49.3;
  48.6; 49.8; 49.9; 50.6; 49.6; 51.2; 52.3; 52.9; 53.1; 53.5;
  53.1; 53.3; 53.3; 53; 52.9; 52.8; 53.1; 53.1; 53.1; 53.1;
  53.8; 54.7; 54.9; 54.9; 55.3; 54.7; 54.7; 54.8; 54.8; 54.9;
  54.6; 53.1; 52.8; 52.4; 52.1; 52; 52.1; 52.1; 52.3; 52.5;
  52.2; 51; 50.9; 51; 51.1; 51.2; 51.5; 51.5; 51.5; 51.4;
  51.5; 53.1; 53.5; 54; 54.2; 54.4; 54.7; 54.7; 54.4; 53.8;
  53.9; 54.7; 54.9; 55.4; 55.5; 55.6; 55.7; 55.9; 55.7; 55.3;
  55.1; 54; 54.2; 54; 53.9; 54; 54.1; 54.1; 54.3; 54.3;
  54; 54; 53.9; 53.9; 54; 54; 53.8; 53.9; 53.9; 53.9;
  53.9; 54; 53.9; 53.8; 53.8; 53.8; 53.9; 54; 54.2; 54;
  54; 53.8; 53.8; 53.7; 53.6; 53.6; 53.7; 54.1; 54.3; 54.1;
  54; 53.8; 53.8; 53.7; 53.7; 53.7; 52; 51.8; 52; 51.7;
  51.3; 50.7; 50.7; 50.6; 50.4; 50.2; 50.1; 50.1; 49.9; 49.8;
  49.7; 50.7; 51.3; 51.8; 52.1; 52.3; 51.7; 51.7; 51.7; 51.8;
  51.7; 51.7; 51.7; 51.6; 51.5; 51.5; 51.5; 51.6; 51.8; 51.9;
  52; 52.1; 52.1; 52.2; 52.3; 52.4; 52.6; 52.7; 52.8; 53;
  53.1; 52.8; 52.7; 52.5; 52.5; 52.5; 52.9; 53.2; 53.3; 53.4;
  53.4; 52.6; 52.7; 52.7; 52.5; 52.5; 52.8; 53.2; 53.3; 53.7;
  53.7; 53.3; 53.1; 52.6; 52.4; 52.5; 52.7; 52.7; 52.9; 52.8;
  52.8; 52.6; 52.4; 52.1; 51.9; 52; 52.1; 52.2; 52.3; 52.2;
  52.1; 51.6; 51.3; 50.9; 50.7; 50.7; 50.3; 50.9; 51.1; 51.1;
  51; 50.9; 50.8; 50.5; 50.5; 50.8; 51; 51.2; 51.2; 51.4;
  51.4; 51.6; 51.6; 51.5; 51.4; 51.4; 51.5; 51.6; 51.7; 53.2;
  54.2; 54.9; 55.1; 55.4; 54.1; 53.7; 53.5; 53.3; 53.4; 53.3;
  53.5; 53.6; 53.6; 53.5; 52.5; 53.3; 53.3; 53.6; 53.7; 53.9;
  54; 54; 54.1; 53.9; 53.8; 53.9; 55.1; 54.8; 54; 53.8;
  53.8; 53.6; 53.4; 53.1; 53; 52.9; 53.1; 53.1; 53; 52.9;
  52.8; 51.4; 51; 50.9; 50.9; 51.2; 51.3; 51.6; 51.8; 51.8;
  51.8; 51.4; 51.1; 50.7; 50.6; 50.6; 50.8; 51; 51.3; 51.3;
  51.2; 50.8; 50.8; 50.8; 50.8; 51.1; 51.5; 51.8; 51.9; 52;
  51.9; 51; 50.7; 50.4; 50.3; 50.5; 51; 51.2; 51.4; 51.6;
  51.8; 51.5; 51.3; 51.3; 51.6; 52.1; 52.8; 53.5; 53.7; 54.1;
  53.7; 51.8; 50.9; 49.9; 49.6; 49.7; 50.2; 50.2; 50; 49.9;
  49.7; 49.1; 48.6; 48.8; 48.7; 49.2; 49.8; 50.3; 50.8; 51;
  50.8; 49.9; 49.6; 49.3; 49.2; 49.4; 50; 50.3; 50.1; 50.2;
  50.2; 49.9; 49.7; 49.3; 49.2; 49.2; 49.7; 50; 50.1; 50.2;
  50.2; 49.7; 49.5; 49.6; 49.2; 49.2; 49.5; 49.8; 49.6; 49.7;
  49.6; 49.7; 49.2; 49.3; 49.3; 49; 49.3; 49.5; 49.5; 49.7;
  49.6; 49.2; 49; 48.7; 48.6; 48.6; 48.6; 48.6; 48.5; 48.4;
  48.1; 47.7; 47.8; 48; 48; 48.3; 48.4; 48.5; 48.8; 48.6;
  48.6; 48.2; 48.1; 47.9; 47.8; 47.7; 47.5; 47.5; 47.5; 47.7;
  48; 48; 48; 48.4; 48.5; 48.7; 49.1; 49.3; 49.4; 49.4;
  48.9; 48.4; 48.3; 48.5; 48.5; 48.5; 48.6; 48.7; 48.8; 49;
  48.7; 48.3; 48.2; 48.2; 48.1; 48.3; 48.8; 48.8; 48.8; 49.2;
  49.2; 48.8; 48.9; 49; 49; 49.2; 49.4; 49.7; 50.1; 50.3;
  50.3; 49.7; 49.6; 49.5; 49.5; 50; 50.3; 50.6; 51.2; 51;
  51; 50.7; 50.4; 49.9; 50.1; 50.7; 50.9; 51.5; 51.7; 51.7;
  51.7; 51.1; 50.7; 50.2; 50.2; 50.6; 51; 51.3; 51.3; 51.5;
  51.6; 51.5; 51.3; 51; 51; 51.2; 51.5; 51.8; 51.8; 51.8;
  51.8; 51.8; 51.7; 51.6; 51.7; 51.9; 52.1; 52.4; 52.6; 52.6;
  52.2; 51.7; 51.5; 51.2; 51.2; 51.1; 51.5; 51.8; 52.1; 52.4;
  52.5; 52.6; 52.6; 52.6; 52.6; 52.8; 53.3; 53.3; 53.3; 53.2;
  52.8; 52.3; 52.3; 52.1; 52.1; 52.3; 53; 53.3; 53.4; 53.4;
  53.4; 53.2; 53.2; 53.1; 53.1; 53; 52.9; 53.4; 53.2; 53.2;
  53.1; 53.3; 53.2; 52.9; 52.9; 52.7; 52.7; 52.2; 53; 53.4;
  53.5; 53.5; 53.4; 53.3; 53.3; 53.2; 53.2; 53.8; 53.6; 53.4;
  53.5; 53.3; 52.7; 52.4; 52.2; 52; 51.9; 51.6; 51.3; 51.1;
  50.9; 50.8; 50.5; 50.6; 50.7; 50.8; 51; 51.2; 51.2; 51.2;
  51.2; 51; 50.9; 50.8; 50.7; 51; 51; 50.9; 50.9; 51.3;
  51.6; 51.8; 51.6; 51.7; 51.7; 51.8; 51.8; 51.6; 51.6; 51.5;
  51.5; 51.4; 51.4; 51.3; 51.3; 51.4; 51.8; 51.8; 51.9; 52.9;
  53.4; 52.3; 51.4; 50.9; 50.7; 50.7; 50.4; 50.2; 50.1; 50;
  49.9; 49.8; 49.6; 49.5; 49.5; 49.6; 49.5; 49.6; 49.7; 49.2;
  48.8; 48.5; 48.5; 48.6; 48.8; 48.9; 48.8; 48.9; 49.5; 50;
  50.1; 49.9; 49.8; 49.5; 49.5; 49.6; 49.9; 49.9; 50; 49.9;
  49.7; 49.5; 49.6; 49.1; 49; 49; 49.6; 49.8; 49.8; 48.7;
  48.4; 48; 47.8; 47.6; 47.5; 47.5; 47.3; 47.1; 47; 47;
  47; 46.9; 46.9; 46.8; 46.8; 46.8; 46.9; 46.9; 47.2; 47.2;
  48.3; 47.2; 47.1; 47.1; 47.2; 47.2; 47.3; 47.5; 47.8; 47.8;
  47.8; 47.6; 47.6; 47.5; 47.6; 47.8; 48.1; 48.3; 48.6; 48.8;
  49; 48.7; 48.7; 48.6; 48.6; 48.7; 48.7; 48.7; 48.8; 48.8;
  48.8; 48.7; 48.6; 48.2; 48.2; 48; 48.6; 48.9; 48.8; 49.2;
  49.2; 48.9; 48.7; 48.5; 48.4; 48.5; 48.5; 48.7; 48.8; 48.9;
  48.9; 48.6; 48.6; 51; 51.4; 51.8; 52.1; 52.4; 52.5; 52.7;
  52.8; 52.8; 52.1; 51.7; 51.5; 51.4; 51.3; 51.3; 51.2; 51.2;
  51.1; 50.9; 50.8; 50.7; 50.7; 50.7; 50.7; 50.6; 50.6; 50.6;
  50.6; 50.5; 50.4; 50.2; 50.3; 50.4; 50.4; 50.4; 50.4; 51.3;
  51.4; 52.6; 52.8; 53.5; 53.9; 54.2; 53.9; 54.3; 54.7; 54.6;
  54.5; 54.2; 54.2; 54.2; 54.2; 54.4; 54.5; 54.8; 54.9; 55.2;
  55.4; 55.2; 55.3; 55.8; 55.9; 55.9; 56; 56.4; 56.4; 56.6;
