

Q = [
  3516; 3509; 3507; 3501; 3499; 3484; 3189; 3489; 3525; 3507;
  3506; 3494; 3492; 3484; 3479; 3472; 3459; 3459; 3461; 3460;
  3448; 3449; 3446; 3441; 3437; 3425; 3413; 3413; 3430; 3437;
  3443; 3441; 3435; 3423; 3424; 3420; 3420; 3420; 3425; 3426;
  3433; 3431; 3430; 3431; 3427; 3423; 3421; 3421; 3413; 3409;
  3398; 3387; 3384; 3384; 3373; 3376; 3370; 3370; 3366; 3360;
  3363; 3363; 3383; 3394; 3406; 3417; 3417; 3437; 3442; 3483;
  3497; 3499; 3512; 3514; 3512; 3521; 3518; 3518; 3531; 3535;
  3550; 3555; 3552; 3558; 3550; 3557; 3542; 3542; 3565; 3560;
  3558; 3558; 3556; 3559; 3556; 3558; 3556; 3556; 3550; 3549;
  3549; 3551; 3552; 3556; 3556; 3559; 3556; 3556; 3562; 3559;
  3557; 3564; 3562; 3562; 3559; 3558; 3553; 3553; 3562; 3553;
  3535; 3522; 3512; 3515; 3509; 3506; 3478; 3478; 3469; 3468;
  3445; 3439; 3439; 3435; 3465; 3477; 3473; 3473; 3472; 3467;
  3444; 3439; 3428; 3418; 3418; 3402; 3399; 3399; 3422; 3421;
  3436; 3444; 3454; 3448; 3455; 3455; 3461; 3461; 3456; 3463;
  3468; 3463; 3438; 3390; 3400; 3137; 3100; 3100; 3041; 3022;
  2989; 2997; 3022; 3046; 3066; 3124; 3166; 3166; 3229; 3347;
  3389; 3395; 3414; 3423; 3430; 3427; 3424; 3424; 3366; 3563;
  3565; 3564; 3552; 3543; 3532; 3520; 3522; 3522; 3494; 3503;
  3495; 3488; 3464; 3457; 3435; 3429; 3424; 3424; 3412; 3408;
  3402; 3421; 3467; 3479; 3485; 3484; 3509; 3509; 3501; 3502;
  3499; 3495; 3497; 3494; 3489; 3492; 3488; 3488; 3476; 3480;
  3460; 3447; 3433; 3420; 3408; 3397; 3390; 3390; 3380; 3375;
  3356; 3345; 3332; 3214; 3282; 3283; 3291; 3291; 3405; 3353;
  3344; 3338; 3338; 3336; 3336; 3336; 3337; 3341; 3341; 3354;
  3354; 3361; 3363; 3372; 3380; 3379; 3380; 3399; 3399; 3412;
  3419; 3451; 3456; 3486; 3496; 3494; 3507; 3518; 3518; 3509;
  3542; 3549; 3551; 3552; 3554; 3554; 3538; 3538; 3538; 3549;
  3554; 3566; 3560; 3553; 3551; 3542; 3534; 3525; 3525; 3523;
  3503; 3466; 3453; 3427; 3409; 3402; 3391; 3389; 3389; 3400;
  3408; 3388; 3429; 3425; 3432; 3438; 3440; 3453; 3453; 3460;
  3466; 3487; 3492; 3494; 3497; 3494; 3497; 3491; 3491; 3496;
  3499; 3502; 3516; 3523; 3528; 3524; 3523; 3531; 3531; 3520;
  3527; 3549; 3558; 3563; 3566; 3562; 3561; 3482; 3482; 3557;
  3551; 3535; 3531; 3524; 3524; 3518; 3517; 3511; 3511; 3520;
  3527; 3516; 3508; 3508; 3512; 3515; 3513; 3491; 3491; 3497;
  3514; 3518; 3514; 3502; 3509; 3505; 3509; 3507; 3507; 3493;
  3516; 3523; 3522; 3522; 3520; 3521; 3510; 3519; 3519; 3524;
  3521; 3524; 3519; 3518; 3522; 3523; 3526; 3529; 3529; 3535;
  3540; 3571; 3573; 3571; 3571; 3570; 3570; 3567; 3567; 3562;
  3555; 3559; 3555; 3547; 3543; 3548; 3548; 3545; 3545; 3531;
  3547; 3548; 3548; 3551; 3554; 3547; 3551; 3553; 3553; 3557;
  3539; 3516; 3506; 3506; 3497; 3495; 3494; 3494; 3494; 3497;
  3505; 3498; 3493; 3481; 3480; 3476; 3483; 3483; 3483; 3481;
  3506; 3496; 3485; 3487; 3467; 3455; 3448; 3442; 3442; 3441;
  3440; 3442; 3445; 3446; 3454; 3455; 3461; 3467; 3467; 3470;
  3479; 3485; 3489; 3492; 3495; 3497; 3498; 3503; 3503; 3493;
  3485; 3479; 3489; 3494; 3498; 3499; 3503; 3503; 3503; 3507;
  3505; 3511; 3519; 3530; 3534; 3533; 3530; 3534; 3534; 3535;
  3551; 3553; 3553; 3553; 3556; 3556; 3540; 3547; 3547; 3562;
  3542; 3536; 3534; 3530; 3528; 3525; 3517; 3512; 3512; 3505;
  3509; 3290; 3295; 3337; 3035; 3604; 3456; 3418; 3418; 3297;
  3182; 3066; 3043; 3020; 3011; 3018; 3041; 3052; 3052; 3044;
  3027; 3093; 3104; 3105; 3103; 3139; 3186; 3230; 3230; 3233;
  3237; 3257; 3261; 3249; 3213; 3240; 3213; 3216; 3216; 3283;
  3198; 3088; 3119; 3154; 3178; 3191; 3193; 3186; 3186; 3174;
  3197; 3183; 3189; 3198; 3217; 3227; 3242; 3242; 3242; 3211;
  3291; 3399; 3356; 3386; 3409; 3420; 3347; 3392; 3392; 3382;
  3373; 3381; 3451; 3411; 3409; 3440; 3445; 3437; 3437; 3443;
  3421; 3423; 3426; 3427; 3439; 3435; 3382; 3405; 3405; 3412;
  3414; 3423; 3429; 3423; 3419; 3423; 3425; 3428; 3428; 3428;
  3431; 3430; 3425; 3418; 3418; 3420; 3420; 3420; 3420; 3424;
  3436; 3427; 3423; 3419; 3413; 3429; 3422; 3614; 3614; 3569;
  3509; 3460; 3512; 3483; 3449; 3438; 3430; 3421; 3421; 3422;
  3386; 3215; 3299; 3317; 3331; 3347; 3368; 3389; 3389; 3398;
  3395; 3400; 3396; 3395; 3397; 3397; 3390; 3387; 3387; 3396;
  3400; 3410; 3410; 3417; 3413; 3410; 3426; 3426; 3420; 3422;
  3420; 3416; 3410; 3401; 3393; 3392; 3376; 3352; 3352; 3338;
  3350; 3368; 3368; 3364; 3345; 3336; 3344; 3337; 3337; 3336;
  3354; 3374; 3373; 3367; 3347; 3336; 3318; 3307; 3307; 3314;
  3329; 3317; 3299; 3295; 3295; 3277; 3250; 3218; 3218; 3203;
  3214; 3234; 3230; 3235; 3236; 3239; 3122; 3252; 3252; 3204;
  3242; 3304; 3299; 3288; 3273; 3258; 3250; 3254; 3254; 3305;
  3298; 3295; 3283; 3259; 3237; 3224; 3209; 3197; 3197; 3185;
  3147; 3099; 3125; 3137; 3161; 3179; 3179; 3175; 3175; 3176;
  3233; 3242; 3237; 3223; 3208; 3206; 3194; 3267; 3267; 3267;
  3277; 3269; 3262; 3241; 3248; 3248; 3182; 3202; 3202; 3231;
  3242; 3249; 3234; 3217; 3207; 3198; 3213; 3230; 3230; 3187;
  3219; 3216; 3223; 3216; 3213; 3211; 3195; 3211; 3211; 3214;
  3214; 3218; 3211; 3211; 3221; 3218; 3216; 3217; 3217; 3218;
  3225; 3236; 3237; 3242; 3244; 3250; 3254; 3256; 3256; 3257;
  3263; 3196; 3194; 3202; 3194; 3183; 3185; 3195; 3195; 3208;
  3228; 3242; 3247; 3254; 3286; 3301; 3318; 3335; 3335; 3330;
  3291; 3185; 3147; 3114; 3099; 3099; 3090; 3080; 3080; 3050;
  3049; 3063; 3057; 3062; 3074; 3094; 3071; 3081; 3081; 3094;
  3109; 3103; 3096; 3090; 3087; 3090; 3079; 3078; 3078; 3078;
  3095; 3090; 3077; 3060; 3065; 3085; 3099; 3105; 3105; 3102;
  3106; 3115; 3112; 3109; 3101; 3092; 3091; 3089; 3089; 3079;
  3089; 3113; 3115; 3122; 3120; 3118; 3112; 3106; 3106; 3108;
  3106; 3112; 3104; 3090; 3089; 3076; 3081; 3071; 3071; 3051;
  3027; 3021; 3042; 3055; 3053; 3053; 3055; 3043; 3043; 3059;
  3059; 3048; 3047; 3027; 3015; 3007; 3000; 2993; 2993; 3003;
  3036; 3044; 3043; 3071; 3092; 3083; 3068; 3069; 3069; 3035;
  3011; 3020; 3038; 3046; 3049; 3050; 3049; 3048; 3048; 3035;
  3035; 3040; 3037; 3038; 3037; 3035; 3032; 3027; 3027; 3030;
  3050; 3094; 3095; 3092; 3083; 3094; 3093; 3094; 3094; 3100;
  3103; 3090; 3112; 3115; 3113; 3111; 3092; 3089; 3089; 3096;
  3097; 3114; 3113; 3108; 3120; 3111; 3092; 3091; 3091; 3086;
  3096; 3110; 3104; 3102; 3094; 3087; 3074; 3093; 3093; 3099;
  3120; 3128; 3105; 3101; 3114; 3123; 3128; 3127; 3127; 3138;
  3157; 3170; 3165; 3148; 3150; 3168; 3180; 3180; 3180; 3166;
  3145; 3111; 3104; 3112; 3113; 3102; 3102; 3115; 3115; 3136;
  3158; 3216; 3224; 3228; 3202; 3164; 3140; 3121; 3121; 3106;
  3128; 3156; 3160; 3164; 3154; 3132; 3154; 3156; 3156; 3174;
  3181; 3173; 3171; 3170; 3169; 3153; 3143; 3158; 3158; 3191;
  3205; 3204; 3202; 3198; 3195; 3191; 3172; 3180; 3180; 3183;
  3169; 3152; 3144; 3132; 3131; 3130; 3144; 3154; 3154; 3168;
  3167; 3158; 3164; 3158; 3151; 3147; 3136; 3123; 3123; 3099;
  3080; 3065; 3061; 3080; 3097; 3102; 3110; 3110; 3110; 3104;
  3106; 3100; 3096; 3088; 3081; 3080; 3080; 3074; 3074; 3126;
  3165; 3157; 3145; 3133; 3127; 3124; 3104; 3106; 3106; 3135;
  3138; 3111; 3106; 3105; 3116; 3129; 3134; 3146; 3146; 3260;
  3307; 3391; 3437; 3473; 3446; 3439; 3433; 3431; 3431; 3427;
  3419; 3412; 3409; 3407; 3408; 3404; 3406; 3394; 3394; 3384;
  3292; 3329; 3340; 3352; 3364; 3371; 3380; 3384; 3384; 3383;
  3374; 3375; 3373; 3370; 3370; 3371; 3369; 3353; 3353; 3351;
  3359; 3358; 3351; 3350; 3341; 3340; 3335; 3334; 3334; 3322;
  3321; 3326; 3385; 3375; 3364; 3351; 3316; 3333; 3333; 3328;
  3337; 3341; 3334; 3331; 3326; 3329; 3337; 3346; 3346; 3351;
  3356; 3355; 3350; 3353; 3354; 3360; 3365; 3368; 3368; 3354;
  3354; 3355; 3353; 3354; 3351; 3357; 3364; 3357; 3357; 3354;
  3352; 3361; 3358; 3359; 3356; 3357; 3358; 3362; 3362; 3356;
  3355; 3344; 3341; 3343; 3341; 3340; 3338; 3339; 3339; 3336;
  3329; 3333; 3331; 3331; 3333; 3338; 3338; 3345; 3345; 3344;
  3360; 3365; 3361; 3247; 3247; 3284; 3303; 3309; 3309; 3324;
  3325; 3312; 3312; 3304; 3293; 3283; 3285; 3276; 3276; 3269;
  3263; 3254; 3235; 3244; 3240; 3247; 3244; 3241; 3241; 3239;
