
tg = [
  300; 300; 300; 300; 300; 300; 300; 300; 300; 300;
  300; 300; 300; 300; 300; 300; 300; 300; 300; 300;
  300; 300; 300; 300; 300; 300; 300; 300; 300; 300;
  300; 300; 300; 300; 300; 300; 300; 300; 300; 300;
  300; 300; 300; 300; 300; 300; 300; 300; 300; 300;
  300; 300; 300; 300; 300; 300; 300; 300; 300; 300;
  300; 300; 300; 300; 300; 300; 300; 300; 300; 300;
  300; 300; 300; 300; 300; 300; 300; 300; 300; 300;
  300; 300; 300; 300; 300; 300; 300; 300; 300; 300;
  300; 300; 300; 300; 300; 300; 300; 300; 300; 300;
  300; 300; 300; 300; 300; 300; 300; 300; 300; 300;
  300; 300; 300; 300; 300; 300; 300; 300; 300; 300;
  300; 300; 300; 300; 300; 300; 300; 300; 300; 300;
  300; 300; 300; 300; 300; 300; 300; 300; 300; 300;
  300; 300; 300; 300; 300; 300; 300; 300; 300; 300;
  300; 300; 300; 300; 300; 300; 300; 300; 300; 300;
  300; 300; 300; 300; 300; 300; 300; 300; 300; 300;
  300; 300; 300; 300; 300; 300; 300; 300; 300; 300;
  300; 300; 300; 300; 300; 300; 300; 300; 300; 300;
  300; 300; 300; 300; 300; 300; 300; 300; 300; 300;
  300; 300; 300; 300; 300; 300; 300; 300; 300; 300;
  300; 300; 300; 300; 300; 300; 300; 300; 300; 300;
  300; 300; 300; 300; 300; 300; 300; 300; 300; 300;
  300; 300; 300; 300; 300; 300; 300; 300; 300; 300;
  300; 300; 300; 300; 300; 300; 300; 300; 300; 300;
  300; 300; 300; 300; 300; 300; 300; 300; 300; 300;
  300; 300; 300; 300; 300; 300; 300; 300; 300; 300;
  300; 300; 300; 300; 300; 300; 300; 300; 300; 300;
  300; 300; 300; 300; 300; 300; 300; 300; 300; 300;
  300; 300; 300; 300; 300; 300; 300; 300; 300; 300;
  300; 300; 300; 300; 300; 300; 300; 300; 300; 300;
  300; 300; 300; 300; 300; 300; 300; 300; 300; 300;
  300; 300; 300; 300; 300; 300; 300; 300; 300; 300;
  300; 300; 300; 300; 300; 300; 300; 300; 300; 300;
  300; 300; 300; 300; 300; 300; 300; 300; 300; 300;
  300; 300; 300; 300; 300; 300; 300; 300; 300; 300;
  300; 300; 300; 300; 300; 300; 300; 300; 300; 300;
  300; 300; 300; 300; 300; 300; 300; 300; 300; 300;
  300; 300; 300; 300; 300; 300; 300; 300; 300; 300;
  300; 300; 300; 300; 300; 300; 300; 300; 300; 300;
  300; 300; 300; 300; 300; 300; 300; 300; 300; 300;
  300; 300; 300; 300; 300; 300; 300; 300; 300; 300;
  300; 300; 300; 300; 300; 300; 300; 300; 300; 300;
  300; 300; 300; 300; 300; 300; 300; 300; 300; 300;
  300; 300; 300; 300; 300; 300; 300; 300; 300; 300;
  300; 300; 300; 300; 300; 300; 300; 300; 300; 300;
  300; 300; 300; 300; 300; 300; 300; 300; 300; 300;
  300; 300; 300; 300; 300; 300; 300; 300; 300; 300;
  300; 300; 300; 300; 300; 300; 300; 300; 300; 300;
  300; 300; 300; 300; 300; 300; 300; 300; 300; 300;
  300; 300; 300; 300; 300; 300; 300; 300; 300; 300;
  300; 300; 300; 300; 300; 300; 300; 300; 300; 300;
  300; 300; 300; 300; 300; 300; 300; 300; 300; 300;
  300; 300; 300; 300; 300; 300; 300; 300; 300; 300;
  300; 300; 300; 300; 300; 300; 300; 300; 300; 300;
  300; 300; 300; 300; 300; 300; 300; 300; 300; 300;
  300; 300; 300; 300; 300; 300; 300; 300; 300; 300;
  300; 300; 300; 300; 300; 300; 300; 300; 300; 300;
  300; 300; 300; 300; 300; 300; 300; 300; 300; 300;
  300; 300; 300; 300; 300; 300; 300; 300; 300; 300;
  300; 300; 300; 300; 300; 300; 300; 300; 300; 300;
  300; 300; 300; 300; 300; 300; 300; 300; 300; 300;
  300; 300; 300; 300; 300; 300; 300; 300; 300; 300;
  300; 300; 300; 300; 300; 300; 300; 300; 300; 300;
  300; 300; 300; 300; 300; 300; 300; 300; 300; 310;
  310; 310; 310; 310; 310; 310; 310; 310; 310; 310;
  310; 310; 310; 310; 310; 310; 310; 310; 310; 310;
  310; 310; 310; 310; 310; 310; 310; 310; 310; 310;
  310; 310; 310; 310; 310; 310; 310; 310; 310; 310;
  310; 310; 310; 310; 310; 310; 310; 310; 310; 310;
  310; 310; 310; 310; 310; 310; 310; 310; 310; 310;
  310; 310; 310; 310; 310; 310; 310; 310; 310; 310;
  310; 310; 310; 310; 310; 310; 310; 310; 310; 310;
  310; 310; 310; 310; 310; 310; 310; 310; 310; 310;
  310; 310; 310; 310; 310; 310; 310; 310; 310; 310;
  310; 310; 310; 310; 310; 310; 310; 310; 310; 310;
  310; 310; 310; 310; 310; 310; 310; 310; 310; 310;
  310; 310; 310; 310; 310; 310; 310; 310; 310; 310;
  310; 310; 310; 310; 310; 310; 310; 310; 310; 310;
  310; 310; 310; 310; 310; 310; 310; 310; 310; 310;
  310; 310; 310; 310; 310; 310; 310; 310; 310; 310;
  310; 310; 310; 310; 310; 310; 310; 310; 310; 310;
  310; 310; 310; 310; 310; 310; 310; 310; 310; 310;
  310; 310; 310; 310; 310; 310; 310; 310; 310; 310;
  310; 310; 310; 310; 310; 310; 310; 310; 310; 310;
  310; 310; 310; 310; 310; 310; 310; 310; 310; 310;
  310; 310; 310; 310; 310; 310; 310; 310; 310; 310;
  310; 310; 310; 310; 310; 310; 310; 310; 310; 310;
  310; 310; 310; 310; 310; 310; 310; 310; 310; 310;
  310; 310; 310; 310; 310; 310; 310; 310; 310; 310;
  310; 310; 310; 310; 310; 310; 310; 310; 310; 310;
  310; 310; 310; 310; 310; 310; 310; 310; 310; 310;
  310; 310; 310; 310; 310; 310; 310; 310; 310; 310;
  310; 310; 310; 310; 310; 310; 310; 310; 310; 310;
  310; 310; 310; 310; 310; 310; 310; 310; 310; 310;
  310; 310; 310; 310; 310; 310; 310; 310; 310; 310;
  310; 310; 310; 310; 310; 310; 310; 310; 310; 310;
  310; 310; 310; 310; 310; 310; 310; 310; 310; 310;
  310; 310; 310; 310; 310; 310; 310; 310; 310; 310;
  310; 310; 310; 310; 310; 310; 310; 310; 310; 310;
  310; 310; 310; 310; 310; 310; 310; 310; 310; 310;
  310; 310; 310; 310; 310; 310; 310; 310; 310; 310;
  310; 310; 310; 310; 310; 310; 310; 310; 310; 310;
  310; 310; 310; 310; 310; 310; 310; 310; 310; 310;
  310; 310; 310; 310; 310; 310; 310; 310; 310; 310;
  310; 310; 310; 310; 310; 310; 310; 310; 310; 310;
  310; 310; 310; 310; 310; 310; 310; 310; 310; 310;
  310; 310; 310; 310; 310; 310; 310; 310; 310; 310;
  310; 310; 310; 310; 310; 310; 310; 310; 310; 310;
  310; 310; 310; 310; 310; 310; 310; 310; 310; 310;
  310; 310; 310; 310; 310; 310; 310; 310; 310; 310;
  310; 310; 310; 310; 310; 310; 310; 310; 310; 310;
  310; 310; 310; 310; 310; 310; 310; 310; 310; 310;
  310; 310; 310; 310; 310; 310; 310; 310; 310; 310;
  310; 310; 310; 310; 310; 310; 310; 310; 310; 310;
  310; 310; 310; 310; 310; 310; 310; 310; 310; 310;
  310; 310; 310; 310; 310; 310; 310; 310; 310; 310;
  310; 310; 310; 310; 310; 310; 310; 310; 310; 310;
  310; 310; 310; 310; 310; 310; 310; 310; 310; 310;
  310; 310; 310; 310; 310; 310; 310; 310; 310; 310;
  310; 310; 310; 310; 310; 310; 310; 310; 310; 310;
  310; 310; 310; 310; 310; 310; 310; 310; 310; 310;
  310; 310; 310; 310; 310; 310; 310; 310; 310; 310;
  310; 310; 310; 310; 310; 310; 310; 310; 310; 310;
  310; 310; 310; 310; 310; 310; 310; 310; 310; 310;
  310; 310; 310; 310; 310; 310; 310; 310; 310; 310;
  310; 310; 310; 310; 310; 310; 310; 310; 310; 310;
  310; 310; 310; 310; 310; 310; 310; 310; 310; 310;
  310; 310; 310; 310; 310; 310; 310; 310; 310; 310;
  310; 310; 310; 310; 310; 310; 310; 310; 310; 310;
  310; 310; 310; 310; 310; 310; 310; 310; 310; 310;
  310; 310; 310; 310; 310; 310; 310; 310; 310; 310;
  310; 310; 310; 310; 310; 310; 310; 310; 310; 310;
  310; 310; 310; 310; 310; 310; 310; 310; 310; 310;
  310; 310; 310; 310; 310; 310; 310; 310; 310; 310;
  310; 310; 310; 310; 310; 310; 310; 310; 310; 310;
  310; 310; 310; 310; 310; 310; 310; 310; 310; 310;
  310; 310; 310; 310; 310; 310; 310; 310; 310; 310;
  310; 310; 310; 310; 310; 310; 310; 310; 310; 310;
  310; 310; 310; 310; 310; 310; 310; 310; 310; 310;
  310; 310; 310; 310; 310; 310; 310; 310; 310; 310;
  310; 310; 310; 310; 310; 310; 310; 310; 310; 310;
  310; 310; 310; 310; 310; 310; 310; 310; 310; 310;
  310; 310; 310; 310; 310; 310; 310; 310; 310; 310;
  310; 310; 310; 310; 310; 310; 310; 310; 310; 310;
  310; 310; 310; 310; 310; 310; 310; 310; 310; 310;
  310; 310; 310; 310; 310; 310; 310; 310; 310; 310;
  310; 310; 310; 310; 310; 310; 310; 310; 310; 310;
  310; 310; 310; 310; 310; 310; 310; 310; 310; 310;
  310; 310; 310; 310; 310; 310; 310; 310; 310; 310;
  310; 310; 310; 310; 310; 310; 310; 310; 310; 310;
  310; 310; 310; 310; 310; 310; 310; 310; 310; 310;
  310; 310; 310; 310; 310; 310; 310; 310; 310; 310;
