
T1 = [
  26; 26; 26; 26; 26; 26; 26; 26; 26; 26;
  26; 26; 26; 26; 26; 26; 26; 26; 26; 26;
  26; 26; 26; 26; 26; 26; 26; 26; 26; 26;
  26; 26; 26; 26; 26; 26; 26; 26; 26; 26;
  26; 26; 26; 26; 26; 26; 26; 26; 26; 26;
  26; 26; 26; 26; 26; 26; 26; 26; 26; 26;
  26; 26; 26; 26; 26; 26; 26; 26; 26; 26;
  26; 26; 26; 26; 26; 26; 26; 26; 26; 26;
  26; 26; 26; 26; 26; 26; 26; 26; 26; 26;
  26; 26; 26; 26; 26; 26; 26; 26; 26; 26;
  26; 26; 26; 26; 26; 26; 26; 26; 26; 26;
  26; 26; 26; 26; 26; 26; 26; 26; 26; 26;
  26; 26; 26; 26; 26; 26; 26; 26; 26; 26;
  26; 26; 26; 26; 26; 26; 26; 26; 26; 26;
  26; 26; 26; 26; 26; 26; 26; 26; 26; 26;
  26; 26; 26; 26; 26; 26; 26; 26; 26; 26;
  26; 26; 26; 26; 26; 26; 26; 26; 26; 26;
  26; 26; 26; 26; 26; 26; 26; 26; 26; 26;
  26; 26; 26; 26; 26; 26; 26; 26; 26; 26;
  26; 26; 26; 26; 26; 26; 26; 26; 26; 26;
  26; 26; 26; 26; 26; 26; 26; 26; 26; 26;
  26; 26; 26; 26; 26; 26; 26; 26; 26; 26;
  26; 26; 26; 26; 26; 26; 26; 26; 26; 26;
  26; 26; 26; 26; 26; 26; 26; 26; 26; 26;
  26; 26; 26; 26; 26; 26; 26; 26; 26; 26;
  26; 26; 26; 26; 26; 26; 26; 26; 26; 26;
  26; 26; 26; 26; 26; 26; 26; 26; 26; 26;
  26; 26; 26; 26; 26; 26; 26; 26; 26; 26;
  26; 26; 26; 26; 26; 26; 26; 26; 26; 26;
  26; 25; 25; 25; 25; 25; 25; 25; 25; 25;
  25; 25; 25; 25; 25; 25; 25; 25; 25; 25;
  25; 25; 25; 25; 25; 25; 25; 25; 25; 25;
  25; 25; 25; 25; 25; 25; 25; 25; 25; 25;
  25; 25; 25; 25; 25; 25; 25; 25; 25; 25;
  25; 25; 25; 25; 25; 25; 25; 25; 25; 25;
  25; 25; 25; 25; 25; 25; 25; 25; 25; 25;
  25; 25; 25; 25; 25; 25; 25; 25; 25; 25;
  25; 25; 25; 25; 25; 25; 25; 25; 25; 25;
  25; 25; 25; 25; 25; 25; 25; 25; 25; 25;
  25; 25; 25; 25; 25; 25; 25; 25; 25; 25;
  25; 25; 25; 25; 25; 25; 25; 25; 25; 25;
  25; 25; 25; 25; 25; 25; 25; 25; 25; 25;
  25; 25; 25; 25; 25; 25; 25; 25; 25; 25;
  25; 25; 25; 25; 25; 25; 25; 25; 25; 25;
  25; 25; 25; 25; 25; 25; 25; 25; 25; 25;
  25; 25; 25; 25; 25; 25; 25; 25; 25; 25;
  25; 25; 25; 25; 25; 25; 25; 25; 25; 25;
  25; 25; 25; 25; 25; 25; 25; 25; 25; 25;
  25; 25; 25; 25; 25; 25; 25; 25; 25; 25;
  25; 25; 25; 25; 25; 25; 25; 25; 25; 25;
  25; 25; 25; 25; 25; 25; 25; 25; 25; 25;
  25; 25; 25; 25; 25; 25; 25; 25; 25; 25;
  25; 25; 25; 25; 25; 25; 25; 25; 25; 25;
  25; 25; 25; 25; 25; 25; 25; 25; 25; 25;
  25; 25; 25; 25; 25; 25; 25; 25; 25; 25;
  25; 25; 25; 25; 25; 25; 25; 25; 25; 25;
  25; 25; 25; 25; 25; 25; 25; 25; 25; 25;
  25; 25; 25; 25; 25; 25; 25; 25; 25; 25;
  25; 25; 25; 25; 25; 25; 25; 25; 25; 25;
  25; 25; 25; 25; 25; 25; 25; 25; 25; 25;
  25; 25; 25; 25; 25; 25; 25; 25; 25; 25;
  25; 25; 25; 25; 25; 25; 25; 25; 25; 25;
  25; 25; 25; 25; 25; 25; 25; 25; 25; 25;
  25; 25; 25; 25; 25; 25; 25; 25; 25; 25;
  25; 25; 25; 25; 25; 25; 25; 25; 25; 25;
  25; 25; 25; 25; 25; 25; 25; 25; 25; 25;
  25; 25; 25; 25; 25; 25; 25; 25; 25; 25;
  25; 25; 25; 25; 25; 25; 25; 25; 25; 25;
  25; 25; 25; 25; 25; 25; 25; 25; 25; 25;
  25; 25; 25; 25; 25; 25; 25; 25; 25; 25;
  25; 25; 25; 25; 25; 25; 25; 25; 25; 25;
  25; 25; 25; 25; 25; 25; 25; 25; 25; 25;
  25; 25; 25; 25; 25; 25; 25; 25; 25; 25;
  25; 25; 25; 25; 25; 25; 25; 25; 25; 25;
  25; 25; 25; 25; 25; 25; 25; 25; 25; 25;
  25; 25; 25; 25; 25; 25; 25; 25; 25; 25;
  25; 25; 25; 25; 25; 25; 25; 25; 25; 25;
  25; 25; 25; 25; 25; 25; 25; 25; 25; 25;
  25; 25; 25; 25; 25; 25; 25; 25; 25; 25;
  25; 25; 25; 25; 25; 25; 25; 25; 25; 25;
  25; 25; 25; 25; 25; 25; 25; 25; 25; 25;
  25; 25; 25; 25; 25; 25; 25; 25; 25; 25;
  25; 25; 25; 25; 25; 25; 25; 25; 25; 25;
  25; 25; 25; 25; 25; 25; 25; 25; 25; 25;
  25; 25; 25; 25; 25; 25; 25; 25; 25; 25;
  25; 25; 25; 25; 25; 25; 25; 25; 25; 25;
  25; 25; 25; 25; 25; 25; 25; 25; 25; 25;
  25; 24; 24; 24; 24; 24; 24; 24; 24; 24;
  24; 24; 24; 24; 24; 24; 24; 24; 24; 24;
  24; 24; 24; 24; 24; 24; 24; 24; 24; 24;
  24; 24; 24; 24; 24; 24; 24; 24; 24; 24;
  24; 24; 24; 24; 24; 24; 24; 24; 24; 24;
  24; 24; 24; 24; 24; 24; 24; 24; 24; 24;
  24; 24; 24; 24; 24; 24; 24; 24; 24; 24;
  24; 24; 24; 24; 24; 24; 24; 24; 24; 24;
  24; 24; 24; 24; 24; 24; 24; 24; 24; 24;
  24; 24; 24; 24; 24; 24; 24; 24; 24; 24;
  24; 24; 24; 24; 24; 24; 24; 24; 24; 24;
  24; 24; 24; 24; 24; 24; 24; 24; 24; 24;
  24; 24; 24; 24; 24; 24; 24; 24; 24; 24;
  24; 24; 24; 24; 24; 24; 24; 24; 24; 24;
  24; 24; 24; 24; 24; 24; 24; 24; 24; 24;
  24; 24; 24; 24; 24; 24; 24; 24; 24; 24;
  24; 24; 24; 24; 24; 24; 24; 24; 24; 24;
  24; 24; 24; 24; 24; 24; 24; 24; 24; 24;
  24; 24; 24; 24; 24; 24; 24; 24; 24; 24;
  24; 24; 24; 24; 24; 24; 24; 24; 24; 24;
  24; 24; 24; 24; 24; 24; 24; 24; 24; 24;
  24; 24; 24; 24; 24; 24; 24; 24; 24; 24;
  24; 24; 24; 24; 24; 24; 24; 24; 24; 24;
  24; 24; 24; 24; 24; 24; 24; 24; 24; 24;
  24; 24; 24; 24; 24; 24; 24; 24; 24; 24;
  24; 24; 24; 24; 24; 24; 24; 24; 24; 24;
  24; 24; 24; 24; 24; 24; 24; 24; 24; 24;
  24; 24; 24; 24; 24; 24; 24; 24; 24; 24;
  24; 24; 24; 24; 24; 24; 24; 24; 24; 24;
  24; 24; 24; 24; 24; 24; 24; 24; 24; 24;
  24; 24; 24; 24; 24; 24; 24; 24; 24; 24;
  24; 24; 24; 24; 24; 24; 24; 24; 24; 24;
  24; 24; 24; 24; 24; 24; 24; 24; 24; 24;
  24; 24; 24; 24; 24; 24; 24; 24; 24; 24;
  24; 24; 24; 24; 24; 24; 24; 24; 24; 24;
  24; 24; 24; 24; 24; 24; 24; 24; 24; 24;
  24; 24; 24; 24; 24; 24; 24; 24; 24; 24;
  24; 24; 24; 24; 24; 24; 24; 24; 24; 24;
  24; 24; 24; 24; 24; 24; 24; 24; 24; 24;
  24; 24; 24; 24; 24; 24; 24; 24; 24; 24;
  24; 24; 24; 24; 24; 24; 24; 24; 24; 24;
  24; 24; 24; 24; 24; 24; 24; 24; 24; 24;
  24; 24; 24; 24; 24; 24; 24; 24; 24; 24;
  24; 24; 24; 24; 24; 24; 24; 24; 24; 24;
  24; 24; 24; 24; 24; 24; 24; 24; 24; 24;
  24; 24; 24; 24; 24; 24; 24; 24; 24; 24;
  24; 24; 24; 24; 24; 24; 24; 24; 24; 24;
  24; 24; 24; 24; 24; 24; 24; 24; 24; 24;
  24; 24; 24; 24; 24; 24; 24; 24; 24; 24;
  24; 24; 24; 24; 24; 24; 24; 24; 24; 24;
  24; 24; 24; 24; 24; 24; 24; 24; 24; 24;
  24; 24; 24; 24; 24; 24; 24; 24; 24; 24;
  24; 24; 24; 24; 24; 24; 24; 24; 24; 24;
  24; 24; 24; 24; 24; 24; 24; 24; 24; 24;
  24; 24; 24; 24; 24; 24; 24; 24; 24; 24;
  24; 24; 24; 24; 24; 24; 24; 24; 24; 24;
  24; 24; 24; 24; 24; 24; 24; 24; 24; 24;
  24; 24; 24; 24; 24; 24; 24; 24; 24; 24;
  24; 24; 24; 24; 24; 24; 24; 24; 24; 24;
  24; 24; 24; 24; 24; 24; 24; 24; 24; 24;
  24; 24; 24; 24; 24; 24; 24; 24; 24; 24;
  24; 24; 24; 24; 24; 24; 24; 24; 24; 24;
  24; 24; 24; 24; 24; 24; 24; 24; 24; 24;
  24; 24; 24; 24; 24; 24; 24; 24; 24; 24;
  24; 24; 24; 24; 24; 24; 24; 24; 24; 24;
  24; 24; 24; 24; 24; 24; 24; 24; 24; 24;
  24; 24; 24; 24; 24; 24; 24; 24; 24; 24;
  24; 24; 24; 24; 24; 24; 24; 24; 24; 24;
  24; 24; 24; 24; 24; 24; 24; 24; 24; 24;
  24; 24; 24; 24; 24; 24; 24; 24; 24; 24;
  24; 24; 24; 24; 24; 24; 24; 24; 24; 24;
  24; 24; 24; 24; 24; 24; 24; 24; 24; 24;
  24; 24; 24; 24; 24; 24; 24; 24; 24; 24;
  24; 24; 24; 24; 24; 24; 24; 24; 24; 24;
  24; 24; 24; 24; 24; 24; 24; 24; 24; 24;
  24; 24; 24; 24; 24; 24; 24; 24; 24; 24;
  24; 24; 24; 24; 24; 24; 24; 24; 24; 24;
  24; 24; 24; 24; 24; 24; 24; 24; 24; 24;
  24; 24; 24; 24; 24; 24; 24; 24; 24; 24;
  24; 24; 24; 24; 24; 24; 24; 24; 24; 24;
  24; 24; 24; 24; 24; 24; 24; 24; 24; 24;
  24; 24; 24; 24; 24; 24; 24; 24; 24; 24;
  24; 24; 24; 24; 24; 24; 24; 24; 24; 24;
  24; 24; 24; 24; 24; 24; 24; 24; 24; 24;
  24; 24; 24; 24; 24; 24; 24; 24; 24; 24;
  24; 24; 24; 24; 24; 24; 24; 24; 24; 24;
  24; 24; 24; 24; 24; 24; 24; 24; 24; 24;
  24; 24; 24; 24; 24; 24; 24; 24; 24; 24;
  24; 24; 24; 24; 24; 24; 24; 24; 24; 24;
  24; 24; 24; 24; 24; 24; 24; 24; 24; 24;
  24; 24; 24; 24; 24; 24; 24; 24; 24; 24;
  24; 24; 24; 24; 24; 24; 24; 24; 24; 24;
  24; 24; 24; 24; 24; 24; 24; 24; 24; 24;
  24; 24; 24; 24; 24; 24; 24; 24; 24; 24;
  24; 24; 24; 24; 24; 24; 24; 24; 24; 24;
  24; 24; 24; 24; 24; 24; 24; 24; 24; 24;
  24; 24; 24; 24; 24; 24; 24; 24; 24; 24;
  24; 24; 24; 24; 24; 24; 24; 24; 24; 24;
  24; 24; 24; 24; 24; 24; 24; 24; 24; 24;
  24; 24; 24; 24; 24; 24; 24; 24; 24; 24;
  24; 24; 24; 24; 24; 24; 24; 24; 24; 24;
  24; 24; 24; 24; 24; 24; 24; 24; 24; 24;
  24; 24; 24; 24; 24; 24; 24; 24; 24; 24;
